INAME: burma14
TYPE: STSP
DIMENSION: 14
BEST_KNOWN: 3323
EDGE_WEIGHT_SECTION
0.000000 153.000000 510.000000 706.000000 966.000000 581.000000 455.000000 70.000000 160.000000 372.000000 157.000000 567.000000 342.000000 398.000000 
153.000000 0.000000 422.000000 664.000000 997.000000 598.000000 507.000000 197.000000 311.000000 479.000000 310.000000 581.000000 417.000000 376.000000 
510.000000 422.000000 0.000000 289.000000 744.000000 390.000000 437.000000 491.000000 645.000000 880.000000 618.000000 374.000000 455.000000 211.000000 
706.000000 664.000000 289.000000 0.000000 491.000000 265.000000 410.000000 664.000000 804.000000 1070.000000 768.000000 259.000000 499.000000 310.000000 
966.000000 997.000000 744.000000 491.000000 0.000000 400.000000 514.000000 902.000000 990.000000 1261.000000 947.000000 418.000000 635.000000 636.000000 
581.000000 598.000000 390.000000 265.000000 400.000000 0.000000 168.000000 522.000000 634.000000 910.000000 593.000000 19.000000 284.000000 239.000000 
455.000000 507.000000 437.000000 410.000000 514.000000 168.000000 0.000000 389.000000 482.000000 757.000000 439.000000 163.000000 124.000000 232.000000 
70.000000 197.000000 491.000000 664.000000 902.000000 522.000000 389.000000 0.000000 154.000000 406.000000 133.000000 508.000000 273.000000 355.000000 
160.000000 311.000000 645.000000 804.000000 990.000000 634.000000 482.000000 154.000000 0.000000 276.000000 43.000000 623.000000 358.000000 498.000000 
372.000000 479.000000 880.000000 1070.000000 1261.000000 910.000000 757.000000 406.000000 276.000000 0.000000 318.000000 898.000000 633.000000 761.000000 
157.000000 310.000000 618.000000 768.000000 947.000000 593.000000 439.000000 133.000000 43.000000 318.000000 0.000000 582.000000 315.000000 464.000000 
567.000000 581.000000 374.000000 259.000000 418.000000 19.000000 163.000000 508.000000 623.000000 898.000000 582.000000 0.000000 275.000000 221.000000 
342.000000 417.000000 455.000000 499.000000 635.000000 284.000000 124.000000 273.000000 358.000000 633.000000 315.000000 275.000000 0.000000 247.000000 
398.000000 376.000000 211.000000 310.000000 636.000000 239.000000 232.000000 355.000000 498.000000 761.000000 464.000000 221.000000 247.000000 0.000000 
EOF
